N10	N11	N12	N13	N14	N15	N16	

N30	N31	N34	14801	N36	15001	N38	02574	N39	1404	1405	1400	1399	1401	1402	1403	N40	N42	N44	N46	N48

0100	8416	8417	8418	8419

O230	O231	O232	8370	8375	8380

8390	8410	8415

8420	8425	8430	8435	8440	8450	8452	8460	8470	0257	02571	02574	02575
	
O328	O329	O330	O331	O332	O3291

O337	0258	0259	02591	02592	02593	02594

0390	03905	0391	03915	0392	03925	0394	03945	0395	0396	0386

03871	0387	0388	03882	0389	03941	03951

03961	1010	1020	1030	1040	1050

1060	1070	1072	1110	1120	1130

1140	1141	1059	1080	1090	1160	11601	1161	11611	

1092	1170	1171	1181	1183	11831	11832	1184	1179	1180	1182	1185	11851	1186	11862	5740	1168	1169	

14050	14060	17912	1792	17919	17922	17923	17924	17913	17914	17921	17925	17926	17927	17928	


02575	1760	1761	1762	1763	1764	17641	17644	17645	17646	1765	17652	17654	17655	17656	1766	1767	1768

1800	1810	1820	1830	1841	1844	1845	1850	1855	1856	1857	1860	1870	1880	1881	1882

1841	1844	1845	1851	1883	1920	1921	1931	1930	1935	1940	1950	1970	1971

2100	21005	2110	2120	21201	21202	2130	2140	2160	21601

2165	21651	2166	2167	2170	2171	2181	2172

2182	2183	5110	5700	5710	5715	

1980	1981	1982	1983

2300	2310	2320	2330	2340	2345	2350	2355	2360	2370	2380	2385	2390	2395

22400	2440	2420	2450	2780	27801	2781	27811	2782

27804	27805	27806	27807	27814	27805	27815	27816	27823	27824	27825	27826	2785	2786	2787

2451	2451	2500	2510	25002	25102

2800	2800p	2810	2815	2820	28201	28209	2840	2844

2845	2862	2863	28575	28576	2858	28581	2859	28591

2860	28601	2861	2857	28571	8480	8485	8486

6640	66401	66402	6644	66441	66442	6645

6650	6655	6660

6665	6680	6682	6683	6684

6758	6686	6687	6688	6695	6696

6700	6710	6712	6715	6717	6720	6722	6725

6730	6731	6732	6733	6735	6736	6737	6738	70610	70611

6727	67271	6728	67281	6729	67291

6743	6742	6744	6749	6750	6751	6752	6754	6755	6756	6759	6760	6758

6745	6746	6747	6765	6770	6775	6776	6777	6780

6790	6791	6794	6795	7000	7001	7004	7006	7007	7008	7009	7010	7011	7014	7015	7028	7029	7030	7031	7032	7033	7034	7035	7040	7042	7043	7050	7051	7052	70401	70421	70431	70441

70620	70621	70622	70623	7065	70651	70664	70665	70666	70667	70668	70674	70675

7100	7101	7102	7103	8000	8010	8005	8020	8022	7105

8024	17927	80241	80242	17926	80243

70601	70604	70606	70608	70610	70611

6722	67381	6739	6740	6741

3100	3107	3105	3108	3106	3010	8030	8040

3110	3111	2999	3000	3001	3002	3003	3004	3005

8610	8620	8630	8640	3205	3215	3210	3220

8120	8130	8132	3248	3249	3260	3250	

8700	8710	8720	8730	8735

9880	9887	9885	9890	9910	9911	9912	9913	9914	9915	9916	9917	9918	9919	9920	9921	9922	9923	9924	9925	9926	9927	9928	9929	9930	

9940	9941	9942	9943	9945	9946	9947	9948	9949	9950	9954	6725

3262	3300